Classification Report:
Precision: 0.6725024576721899
Recall: 0.6716917922948074
F1-Score: 0.6714577673745435
Accuracy: 0.6716917922948074